extraverted_enthusiastic_1 <- c(2.0, 2.0, 6.0, 7.0, 6.0, 7.0, 6.0, 6.0, 6.0, 5.0, 4.0, 3.0, 6.0, 7.0, 6.0, 7.0, 7.0, 6.0, 6.0, 5.0, 5.0, 4.0, 6.0, 3.0, 3.0, 4.0, 5.0, 3.0, 5.0, 7.0, 5.0, 5.0);
critical_quarrelsome_2 <- c(2.0, 4.0, 5.0, 2.0, 4.0, 3.0, 4.0, 5.0, 3.0, 1.0, 6.0, 4.0, 5.0, 1.0, 3.0, 1.0, 5.0, 2.0, 2.0, 3.0, 1.0, 2.0, 3.0, 5.0, 3.0, 3.0, 3.0, 5.0, 5.0, 1.0, 3.0, 2.0);
dependable_self_disciplined_3 <- c(4.0, 5.0, 5.0, 6.0, 6.0, 5.0, 6.0, 5.0, 5.0, 5.0, 6.0, 3.0, 7.0, 4.0, 5.0, 5.0, 7.0, 3.0, 5.0, 2.0, 6.0, 5.0, 3.0, 6.0, 7.0, 6.0, 5.0, 5.0, 3.0, 4.0, 2.0, 5.0);
anxious_easily_upset_4 <- c(2.0, 2.0, 4.0, 2.0, 5.0, 5.0, 2.0, 6.0, 2.0, 4.0, 7.0, 6.0, 6.0, 5.0, 4.0, 4.0, 6.0, 5.0, 3.0, 4.0, 1.0, 3.0, 1.0, 7.0, 5.0, 5.0, 6.0, 6.0, 3.0, 5.0, 3.0, 4.0);
open_to_new_experiences_complex_5 <- c(5.0, 6.0, 2.0, 7.0, 6.0, 6.0, 6.0, 5.0, 6.0, 7.0, 7.0, 6.0, 7.0, 7.0, 6.0, 7.0, 7.0, 7.0, 7.0, 6.0, 7.0, 7.0, 7.0, 7.0, 7.0, 5.0, 6.0, 3.0, 5.0, 5.0, 6.0, 6.0);

reserved_quiet_6 <- c(6.0, 5.0, 4.0, 5.0, 4.0, 1.0, 2.0, 2.0, 2.0, 3.0, 7.0, 2.0, 3.0, 5.0, 3.0, 1.0, 1.0, 1.0, 5.0, 3.0, 2.0, 4.0, 3.0, 2.0, 3.0, 2.0, 7.0, 6.0, 7.0, 5.0, 4.0, 4.0);
sympathetic_warm_7 <- c(6.0, 4.0, 4.0, 4.0, 6.0, 7.0, 5.0, 4.0, 5.0, 6.0, 3.0, 3.0, 4.0, 4.0, 5.0, 7.0, 3.0, 6.0, 5.0, 4.0, 5.0, 4.0, 6.0, 7.0, 6.0, 5.0, 4.0, 2.0, 4.0, 6.0, 4.0, 6.0);
disorganized_careless_8 <- c(5.0, 2.0, 4.0, 1.0, 4.0, 3.0, 1.0, 1.0, 2.0, 4.0, 3.0, 5.0, 3.0, 4.0, 4.0, 6.0, 5.0, 2.0, 6.0, 4.0, 2.0, 5.0, 6.0, 4.0, 5.0, 5.0, 1.0, 3.0, 5.0, 4.0, 7.0, 5.0);
calm_emotionally_stable_9 <- c(4.0, 6.0, 4.0, 4.0, 3.0, 5.0, 7.0, 4.0, 6.0, 7.0, 6.0, 2.0, 4.0, 4.0, 7.0, 7.0, 3.0, 3.0, 7.0, 6.0, 6.0, 7.0, 7.0, 3.0, 5.0, 4.0, 3.0, 4.0, 5.0, 4.0, 7.0, 6.0);
conventional_uncreative_10 <- c(4.0, 4.0, 1.0, 3.0, 3.0, 4.0, 2.0, 2.0, 3.0, 2.0, 5.0, 6.0, 4.0, 3.0, 2.0, 1.0, 1.0, 3.0, 6.0, 3.0, 5.0, 4.0, 4.0, 2.0, 4.0, 3.0, 1.0, 6.0, 4.0, 2.0, 2.0, 3.0);

attentionToDetails <- c(48.987854251012145, 39.37500000000001, 62.323943661971825, 84.31372549019608, 75.08532423208192, 70.88948787061994, 61.88870151770658, 73.52941176470588, 68.18181818181819, 71.90721649484536, 70.2247191011236, 64.6938775510204, 52.90178571428572, 69.24137931034483, 73.14814814814814, 73.15789473684211, 81.98403648802737, 62.71186440677966, 65.16290726817043, 79.24528301886792, 72.52173913043478, 58.760107816711596, 59.5959595959596, 80.62593144560357, 87.33031674208145, 81.4207650273224, 69.23076923076923, 70.49180327868852, 60.70381231671554, 63.33333333333333, 60.61538461538461, 71.5158924205379);
communication <- c(0.7246376811594203, 48.214285714285715, 58.82352941176471, 4.081632653061225, 9.322033898305085, 5.384615384615385, 0.0, 6.0, 7.216494845360824, 1.36986301369863, 3.076923076923077, 0.0, 6.70391061452514, 8.860759493670885, 0.9523809523809524, 1.9047619047619049, 31.92307692307692, 2.8301886792452833, 0.7042253521126761, 5.813953488372093, 2.083333333333333, 0.0, 42.42424242424242, 1.680672268907563, 88.9795918367347, 3.8461538461538463, 22.22222222222222, 0.684931506849315, 8.974358974358974, 2.380952380952381, 26.31578947368421, 5.116279069767442);
fastLearning <- c(25.75868680778486, 18.63771727508108, 26.801526215380566, 29.45459415264033, 30.86435577691918, 27.425458851391355, 33.047596983036016, 14.800010119665039, 19.57781852212609, 31.418651092312167, 29.523100135602288, 21.10545611877761, 38.78034339846062, 55.94306751692854, 36.3, 28.950870220236947, 100.0, 25.221586299146985, 32.93150472197148, 16.35943897985482, 42.016688602936476, 52.284944782754486, 3.777061262091202, 26.042632066728448, 39.84504703929164, 17.819590481460985, 3.5694521306032096, 11.275026343519496, 6.225788599889319, 7.207207207207207, 10.146520146520146, 29.960981047937572);
persistence <- c(82.4074074074074, 92.3076923076923, 94.33962264150944, 91.66666666666666, 91.22807017543859, 81.81818181818183, 96.51162790697676, 71.42857142857143, 90.9090909090909, 87.05882352941177, 97.10144927536231, 88.0, 79.36507936507937, 95.87628865979381, 78.26086956521739, 88.46153846153845, 98.49624060150376, 95.71428571428572, 83.33333333333334, 85.71428571428571, 93.0, 74.72527472527473, 71.42857142857143, 91.2621359223301, 98.9010989010989, 100.0, 68.75, 75.32467532467533, 86.88524590163934, 68.42105263157895, 85.24590163934425, 90.07633587786259);
problemAnalysis <- c(17.885375494071145, 18.7974314068885, 29.3119698397738, 59.074074074074076, 37.65853658536585, 30.44077134986226, 22.313296903460838, 35.019455252918284, 38.3108935128519, 31.82423435419441, 34.80825958702065, 20.156695156695157, 15.683996514667442, 30.908419497784344, 47.389558232931726, 62.7287853577371, 38.94397048651142, 26.63834951456311, 40.65934065934066, 36.8575624082232, 29.68072526606228, 26.973232669869596, 22.13225371120108, 35.224067690379194, 45.42586750788644, 41.98174706649283, 24.760076775431862, 30.902527075812277, 16.828721017202692, 31.872509960159363, 23.634812286689417, 26.80129643480429);
problemSolving <- c(53.00429184549357, 51.50214592274678, 30.472103004291846, 16.416309012875534, 31.43776824034335, 39.8068669527897, 63.62660944206009, 10.944206008583691, 25.9656652360515, 41.63090128755365, 38.197424892703864, 52.57510729613733, 96.13733905579399, 77.78969957081546, 23.17596566523605, 20.386266094420602, 94.09871244635193, 37.98283261802575, 42.81115879828326, 22.746781115879827, 61.69527896995708, 39.8068669527897, 21.244635193133046, 71.99570815450643, 71.13733905579399, 39.27038626609442, 15.343347639484978, 39.27038626609442, 36.587982832618025, 9.761388286334057, 34.871244635193136, 87.76824034334764);
